0 0.15563241106719367 0.6495388669301714 0.07608695652173912 0.160737812911726
0 0.25148221343873517 0.6185770750988143 0.09782608695652172 0.16996047430830047
0 0.3488142292490118 0.6014492753623188 0.06126482213438731 0.16205533596837945
0 0.42934782608695654 0.5731225296442688 0.07608695652173914 0.17654808959156795
0 0.5652173913043478 0.48418972332015814 0.15612648221343867 0.24637681159420288
0 0.3962450592885375 0.3227931488801054 0.13833992094861663 0.2635046113306983
0 0.2816205533596838 0.4077733860342556 0.1284584980237154 0.1884057971014493
0 0.375 0.10408432147562584 0.13932806324110672 0.2028985507246377
0 0.21640316205533602 0.14888010540184454 0.15019762845849807 0.22924901185770755
0 0.08794466403162055 0.14361001317523056 0.17193675889328064 0.2766798418972332
