0 0.20454545454545453 0.1225296442687747 0.19565217391304343 0.2450592885375494
0 0.08695652173913043 0.12714097496706192 0.16403162055335968 0.24637681159420294
0 0.37154150197628455 0.10540184453227934 0.13833992094861663 0.20816864295125168
0 0.2781620553359684 0.39723320158102765 0.08596837944664028 0.23320158102766805
0 0.39673913043478265 0.3405797101449275 0.10177865612648226 0.2859025032938076
0 0.5469367588932806 0.48418972332015814 0.1373517786561265 0.23056653491436102
0 0.4308300395256917 0.572463768115942 0.09090909090909094 0.12516469038208164
0 0.3458498023715415 0.5942028985507247 0.08498023715415012 0.147562582345191
0 0.2559288537549407 0.6251646903820817 0.12845849802371542 0.13306982872200265
0 0.1650197628458498 0.6693017127799736 0.07707509881422923 0.14492753623188398
