0 0.27124505928853754 0.39064558629776025 0.1195652173913043 0.20421607378129125
0 0.38290513833992096 0.3221343873517787 0.1393280632411067 0.2753623188405797
0 0.37648221343873517 0.09420289855072463 0.1739130434782609 0.17786561264822132
0 0.20207509881422922 0.13109354413702243 0.16501976284584977 0.24637681159420294
0 0.08992094861660078 0.14097496706192358 0.16996047430830039 0.26613965744400525
0 0.25790513833992096 0.6086956521739131 0.10474308300395255 0.1475625823451911
0 0.16254940711462448 0.6482213438735178 0.08794466403162055 0.13175230566534907
0 0.35276679841897235 0.6073781291172596 0.08102766798418976 0.14229249011857703
0 0.43922924901185767 0.5658761528326746 0.09189723320158101 0.1357048748353096
0 0.5548418972332015 0.48023715415019763 0.1314229249011858 0.23056653491436102
