0 0.34733201581027673 0.5902503293807642 0.07213438735177867 0.16337285902503296
0 0.4352766798418972 0.5711462450592885 0.09387351778656132 0.1515151515151515
0 0.5528656126482212 0.4835309617918314 0.14328063241106712 0.2239789196310936
0 0.25741106719367585 0.6100131752305665 0.099802371541502 0.1238471673254282
0 0.16403162055335968 0.6409749670619236 0.07707509881422923 0.17786561264822148
0 0.2811264822134387 0.4005270092226614 0.133399209486166 0.2239789196310935
0 0.39081027667984186 0.3412384716732543 0.1373517786561265 0.23715415019762845
0 0.3631422924901186 0.09617918313570488 0.1571146245059288 0.18972332015810278
0 0.2055335968379447 0.12911725955204217 0.14031620553359683 0.25296442687747034
0 0.08547430830039525 0.14295125164690384 0.1551383399209486 0.2832674571805007
