0 0.09189723320158105 0.14558629776021081 0.1679841897233202 0.27009222661396576
0 0.199604743083004 0.12779973649538867 0.19169960474308304 0.25032938076416333
0 0.3878458498023716 0.10342555994729906 0.16699604743083 0.20685111989459812
0 0.40019762845849804 0.32608695652173914 0.1363636363636364 0.2411067193675889
0 0.29347826086956524 0.38735177865612647 0.11857707509881422 0.20553359683794464
0 0.27173913043478265 0.6060606060606061 0.12252964426877472 0.14229249011857717
0 0.3606719367588933 0.5876152832674572 0.07707509881422929 0.11857707509881416
0 0.4407114624505932 0.5632411067193676 0.11857707509881427 0.13043478260869557
0 0.5622529644268774 0.47562582345191046 0.10276679841897235 0.24242424242424243
0 0.1551383399209486 0.6482213438735178 0.09486166007905136 0.18445322793148874
