0 0.3695652173913044 0.11264822134387352 0.11067193675889321 0.21739130434782608
0 0.2139328063241107 0.14624505928853757 0.16699604743083007 0.2239789196310936
0 0.08053359683794467 0.17457180500658764 0.15316205533596838 0.25955204216073785
0 0.266798418972332 0.3965744400527009 0.12055335968379445 0.2108036890645586
0 0.408102766798419 0.3241106719367589 0.11660079051383405 0.2845849802371542
0 0.2677865612648221 0.6146245059288538 0.08498023715415019 0.15678524374176533
0 0.3458498023715415 0.6054018445322794 0.05335968379446641 0.13833992094861658
0 0.42934782608695654 0.5586297760210803 0.09189723320158101 0.15546772068511194
0 0.5642292490118578 0.47891963109354413 0.12845849802371545 0.23056653491436094
0 0.16699604743083005 0.6416337285902504 0.09288537549407111 0.17127799736495392
