0 0.07706422018348623 0.15321100917431196 0.13761467889908255 0.20733944954128444
0 0.21261467889908253 0.13761467889908258 0.1142201834862385 0.1944954128440367
0 0.37362385321100916 0.10183486238532112 0.11697247706422012 0.163302752293578
0 0.2779816513761467 0.4045871559633028 0.10458715596330276 0.1669724770642202
0 0.406651376146789 0.3467889908256881 0.12247706422018347 0.16880733944954135
0 0.17545871559633028 0.6559633027522936 0.0701834862385321 0.12660550458715597
0 0.2704128440366972 0.6229357798165137 0.08119266055045873 0.12660550458715605
0 0.3488532110091743 0.591743119266055 0.05366972477064223 0.11559633027522935
0 0.43211009174311926 0.5504587155963303 0.07431192660550458 0.11009174311926608
0 0.5525229357798165 0.46972477064220186 0.09770642201834853 0.19082568807339456
